17861	121.489375	31.240875	1900	1.0	2019-02-28 09:28
17861	121.489125	31.241125	1900	1.0	2019-02-28 09:28
17861	121.49012499999999	31.241125	1900	1.0	2019-02-28 09:28
17861	121.49012499999999	31.241374999999998	5700	3.0	2019-02-28 09:28
17861	121.488625	31.241625	1900	1.0	2019-02-28 09:28
17861	121.48962499999999	31.241625	1900	1.0	2019-02-28 09:28
17861	121.491125	31.241875	5700	3.0	2019-02-28 09:28
17861	121.49012499999999	31.242124999999998	1900	1.0	2019-02-28 09:28
17861	121.491125	31.242124999999998	1900	1.0	2019-02-28 09:28
17861	121.491625	31.243125	1900	1.0	2019-02-28 09:28
17861	121.492125	31.243375	1900	1.0	2019-02-28 09:28
17861	121.49262499999999	31.243375	1900	1.0	2019-02-28 09:28
17861	121.490375	31.243875	1900	1.0	2019-02-28 09:28
17861	121.493625	31.243875	1900	1.0	2019-02-28 09:28
17861	121.491875	31.244124999999997	1900	1.0	2019-02-28 09:28
17861	121.49137499999999	31.244374999999998	1900	1.0	2019-02-28 09:28
17861	121.491625	31.244374999999998	3800	2.0	2019-02-28 09:28
17861	121.492125	31.244374999999998	1900	1.0	2019-02-28 09:28
17861	121.492375	31.244374999999998	1900	1.0	2019-02-28 09:28
17861	121.489375	31.244625	1900	1.0	2019-02-28 09:28
17861	121.49137499999999	31.244625	5700	3.0	2019-02-28 09:28
17861	121.491625	31.244625	1900	1.0	2019-02-28 09:28
17861	121.491875	31.244625	1900	1.0	2019-02-28 09:28
17861	121.495125	31.244625	1900	1.0	2019-02-28 09:28
17861	121.489375	31.244874999999997	1900	1.0	2019-02-28 09:28
17861	121.49012499999999	31.244874999999997	1900	1.0	2019-02-28 09:28
17861	121.491125	31.244874999999997	1900	1.0	2019-02-28 09:28
17861	121.49137499999999	31.244874999999997	1900	1.0	2019-02-28 09:28
17861	121.491625	31.244874999999997	3800	2.0	2019-02-28 09:28
17861	121.491875	31.244874999999997	3800	2.0	2019-02-28 09:28
17861	121.492125	31.244874999999997	1900	1.0	2019-02-28 09:28
17861	121.49262499999999	31.244874999999997	1900	1.0	2019-02-28 09:28
17861	121.493375	31.244874999999997	1900	1.0	2019-02-28 09:28
17861	121.491625	31.245124999999998	1900	1.0	2019-02-28 09:28
17861	121.491875	31.245124999999998	1900	1.0	2019-02-28 09:28
17861	121.492125	31.245124999999998	1900	1.0	2019-02-28 09:28
17861	121.492375	31.245124999999998	3800	2.0	2019-02-28 09:28
17861	121.49262499999999	31.245124999999998	1900	1.0	2019-02-28 09:28
17861	121.493625	31.245124999999998	1900	1.0	2019-02-28 09:28
17861	121.489875	31.245375	1900	1.0	2019-02-28 09:28
17861	121.49012499999999	31.245375	3800	2.0	2019-02-28 09:28
17861	121.490375	31.245375	3800	2.0	2019-02-28 09:28
17861	121.49137499999999	31.245375	1900	1.0	2019-02-28 09:28
17861	121.491625	31.245375	1900	1.0	2019-02-28 09:28
17861	121.491875	31.245375	1900	1.0	2019-02-28 09:28
17861	121.492125	31.245375	1900	1.0	2019-02-28 09:28
17861	121.492875	31.245375	1900	1.0	2019-02-28 09:28
17861	121.49312499999999	31.245375	1900	1.0	2019-02-28 09:28
17861	121.489875	31.245624999999997	1900	1.0	2019-02-28 09:28
17861	121.490375	31.245624999999997	1900	1.0	2019-02-28 09:28
17861	121.490625	31.245624999999997	3800	2.0	2019-02-28 09:28
17861	121.491625	31.245624999999997	3800	2.0	2019-02-28 09:28
17861	121.491875	31.245624999999997	1900	1.0	2019-02-28 09:28
17861	121.492875	31.245624999999997	1900	1.0	2019-02-28 09:28
17861	121.49312499999999	31.245624999999997	3800	2.0	2019-02-28 09:28
17861	121.49437499999999	31.245624999999997	1900	1.0	2019-02-28 09:28
17861	121.49012499999999	31.245874999999998	1900	1.0	2019-02-28 09:28
17861	121.494875	31.245874999999998	1900	1.0	2019-02-28 09:28
17861	121.493625	31.246125	1900	1.0	2019-02-28 09:28
17861	121.495875	31.246125	1900	1.0	2019-02-28 09:28
17861	121.48962499999999	31.246374999999997	1900	1.0	2019-02-28 09:28
17861	121.49012499999999	31.246374999999997	3800	2.0	2019-02-28 09:28
17861	121.490625	31.246374999999997	1900	1.0	2019-02-28 09:28
17861	121.491125	31.246374999999997	1900	1.0	2019-02-28 09:28
17861	121.492125	31.246374999999997	3800	2.0	2019-02-28 09:28
17861	121.493625	31.246374999999997	3800	2.0	2019-02-28 09:28
17861	121.49387499999999	31.246374999999997	1900	1.0	2019-02-28 09:28
17861	121.495875	31.246374999999997	1900	1.0	2019-02-28 09:28
17861	121.489875	31.246624999999998	1900	1.0	2019-02-28 09:28
17861	121.49012499999999	31.246624999999998	3800	2.0	2019-02-28 09:28
17861	121.490625	31.246624999999998	1900	1.0	2019-02-28 09:28
17861	121.492375	31.246624999999998	1900	1.0	2019-02-28 09:28
17861	121.49437499999999	31.246624999999998	1900	1.0	2019-02-28 09:28
17861	121.494625	31.246624999999998	1900	1.0	2019-02-28 09:28
17861	121.49562499999999	31.246624999999998	1900	1.0	2019-02-28 09:28
17861	121.495875	31.246624999999998	1900	1.0	2019-02-28 09:28
17861	121.49612499999999	31.246624999999998	1900	1.0	2019-02-28 09:28
17861	121.490625	31.246875	1900	1.0	2019-02-28 09:28
17861	121.49087499999999	31.246875	1900	1.0	2019-02-28 09:28
17861	121.492875	31.246875	1900	1.0	2019-02-28 09:28
17861	121.494625	31.246875	1900	1.0	2019-02-28 09:28
17861	121.494875	31.246875	1900	1.0	2019-02-28 09:28
17861	121.495875	31.246875	5700	3.0	2019-02-28 09:28
17861	121.49612499999999	31.246875	3800	2.0	2019-02-28 09:28
17861	121.49862499999999	31.246875	1900	1.0	2019-02-28 09:28
17861	121.492375	31.247124999999997	45600	24.0	2019-02-28 09:28
17861	121.492875	31.247124999999997	1900	1.0	2019-02-28 09:28
17861	121.49312499999999	31.247124999999997	1900	1.0	2019-02-28 09:28
17861	121.495375	31.247124999999997	1900	1.0	2019-02-28 09:28
17861	121.495875	31.247124999999997	3800	2.0	2019-02-28 09:28
17861	121.49612499999999	31.247124999999997	3800	2.0	2019-02-28 09:28
17861	121.496625	31.247124999999997	1900	1.0	2019-02-28 09:28
17861	121.49737499999999	31.247124999999997	1900	1.0	2019-02-28 09:28
17861	121.497625	31.247124999999997	1900	1.0	2019-02-28 09:28
17861	121.489875	31.247374999999998	1900	1.0	2019-02-28 09:28
17861	121.490625	31.247374999999998	1900	1.0	2019-02-28 09:28
17861	121.491125	31.247374999999998	3800	2.0	2019-02-28 09:28
17861	121.492875	31.247374999999998	1900	1.0	2019-02-28 09:28
17861	121.493375	31.247374999999998	1900	1.0	2019-02-28 09:28
17861	121.49387499999999	31.247374999999998	1900	1.0	2019-02-28 09:28
17861	121.495375	31.247374999999998	3800	2.0	2019-02-28 09:28
17861	121.49687499999999	31.247374999999998	1900	1.0	2019-02-28 09:28
17861	121.491875	31.247625	1900	1.0	2019-02-28 09:28
17861	121.492125	31.247625	3800	2.0	2019-02-28 09:28
17861	121.494625	31.247625	1900	1.0	2019-02-28 09:28
17861	121.495375	31.247625	3800	2.0	2019-02-28 09:28
17861	121.495875	31.247625	1900	1.0	2019-02-28 09:28
17861	121.500625	31.247625	1900	1.0	2019-02-28 09:28
17861	121.491125	31.247874999999997	1900	1.0	2019-02-28 09:28
17861	121.49137499999999	31.247874999999997	1900	1.0	2019-02-28 09:28
17861	121.492125	31.247874999999997	1900	1.0	2019-02-28 09:28
17861	121.492375	31.247874999999997	3800	2.0	2019-02-28 09:28
17861	121.49262499999999	31.247874999999997	13300	7.0	2019-02-28 09:28
17861	121.49387499999999	31.247874999999997	1900	1.0	2019-02-28 09:28
17861	121.494625	31.247874999999997	1900	1.0	2019-02-28 09:28
17861	121.496625	31.247874999999997	1900	1.0	2019-02-28 09:28
17861	121.49687499999999	31.247874999999997	1900	1.0	2019-02-28 09:28
17861	121.49012499999999	31.248124999999998	3800	2.0	2019-02-28 09:28
17861	121.49137499999999	31.248124999999998	1900	1.0	2019-02-28 09:28
17861	121.491625	31.248124999999998	1900	1.0	2019-02-28 09:28
17861	121.492125	31.248124999999998	1900	1.0	2019-02-28 09:28
17861	121.49312499999999	31.248124999999998	1900	1.0	2019-02-28 09:28
17861	121.493375	31.248124999999998	1900	1.0	2019-02-28 09:28
17861	121.493625	31.248124999999998	1900	1.0	2019-02-28 09:28
17861	121.494125	31.248124999999998	1900	1.0	2019-02-28 09:28
17861	121.495375	31.248124999999998	1900	1.0	2019-02-28 09:28
17861	121.495875	31.248124999999998	1900	1.0	2019-02-28 09:28
17861	121.496625	31.248124999999998	1900	1.0	2019-02-28 09:28
17861	121.497125	31.248124999999998	3800	2.0	2019-02-28 09:28
17861	121.49912499999999	31.248124999999998	1900	1.0	2019-02-28 09:28
17861	121.49987499999999	31.248124999999998	1900	1.0	2019-02-28 09:28
17861	121.500625	31.248124999999998	1900	1.0	2019-02-28 09:28
17861	121.50337499999999	31.248124999999998	1900	1.0	2019-02-28 09:28
17861	121.490625	31.248375	3800	2.0	2019-02-28 09:28
17861	121.49087499999999	31.248375	9500	5.0	2019-02-28 09:28
17861	121.491125	31.248375	1900	1.0	2019-02-28 09:28
17861	121.49137499999999	31.248375	7600	4.0	2019-02-28 09:28
17861	121.494875	31.248375	1900	1.0	2019-02-28 09:28
17861	121.495375	31.248375	1900	1.0	2019-02-28 09:28
17861	121.49562499999999	31.248375	1900	1.0	2019-02-28 09:28
17861	121.498375	31.248375	1900	1.0	2019-02-28 09:28
17861	121.499625	31.248375	1900	1.0	2019-02-28 09:28
17861	121.49087499999999	31.248624999999997	5700	3.0	2019-02-28 09:28
17861	121.491125	31.248624999999997	7600	4.0	2019-02-28 09:28
17861	121.49137499999999	31.248624999999997	1900	1.0	2019-02-28 09:28
17861	121.494875	31.248624999999997	1900	1.0	2019-02-28 09:28
17861	121.495375	31.248624999999997	1900	1.0	2019-02-28 09:28
17861	121.496375	31.248624999999997	1900	1.0	2019-02-28 09:28
17861	121.497875	31.248624999999997	1900	1.0	2019-02-28 09:28
17861	121.498375	31.248624999999997	1900	1.0	2019-02-28 09:28
17861	121.49912499999999	31.248624999999997	1900	1.0	2019-02-28 09:28
17861	121.499375	31.248624999999997	1900	1.0	2019-02-28 09:28
17861	121.49987499999999	31.248624999999997	1900	1.0	2019-02-28 09:28
17861	121.500125	31.248624999999997	1900	1.0	2019-02-28 09:28
17861	121.501375	31.248624999999997	1900	1.0	2019-02-28 09:28
17861	121.491125	31.248874999999998	1900	1.0	2019-02-28 09:28
17861	121.491625	31.248874999999998	1900	1.0	2019-02-28 09:28
17861	121.492125	31.248874999999998	1900	1.0	2019-02-28 09:28
17861	121.49262499999999	31.248874999999998	1900	1.0	2019-02-28 09:28
17861	121.49437499999999	31.248874999999998	1900	1.0	2019-02-28 09:28
17861	121.49562499999999	31.248874999999998	1900	1.0	2019-02-28 09:28
17861	121.496375	31.248874999999998	1900	1.0	2019-02-28 09:28
17861	121.496625	31.248874999999998	1900	1.0	2019-02-28 09:28
17861	121.497875	31.248874999999998	1900	1.0	2019-02-28 09:28
17861	121.49812499999999	31.248874999999998	3800	2.0	2019-02-28 09:28
17861	121.49987499999999	31.248874999999998	3800	2.0	2019-02-28 09:28
17861	121.50162499999999	31.248874999999998	1900	1.0	2019-02-28 09:28
17861	121.501875	31.248874999999998	1900	1.0	2019-02-28 09:28
17861	121.507875	31.248874999999998	1900	1.0	2019-02-28 09:28
17861	121.492375	31.249125	1900	1.0	2019-02-28 09:28
17861	121.495375	31.249125	1900	1.0	2019-02-28 09:28
17861	121.49562499999999	31.249125	1900	1.0	2019-02-28 09:28
17861	121.49687499999999	31.249125	3800	2.0	2019-02-28 09:28
17861	121.497875	31.249125	3800	2.0	2019-02-28 09:28
17861	121.49812499999999	31.249125	3800	2.0	2019-02-28 09:28
17861	121.498375	31.249125	3800	2.0	2019-02-28 09:28
17861	121.498875	31.249125	1900	1.0	2019-02-28 09:28
17861	121.49912499999999	31.249125	1900	1.0	2019-02-28 09:28
17861	121.49987499999999	31.249125	1900	1.0	2019-02-28 09:28
17861	121.50112499999999	31.249125	3800	2.0	2019-02-28 09:28
17861	121.50162499999999	31.249125	3800	2.0	2019-02-28 09:28
17861	121.501875	31.249125	1900	1.0	2019-02-28 09:28
17861	121.502625	31.249125	1900	1.0	2019-02-28 09:28
17861	121.507875	31.249125	1900	1.0	2019-02-28 09:28
17861	121.492125	31.249374999999997	1900	1.0	2019-02-28 09:28
17861	121.492375	31.249374999999997	1900	1.0	2019-02-28 09:28
17861	121.49312499999999	31.249374999999997	1900	1.0	2019-02-28 09:28
17861	121.493375	31.249374999999997	3800	2.0	2019-02-28 09:28
17861	121.493625	31.249374999999997	1900	1.0	2019-02-28 09:28
17861	121.495875	31.249374999999997	1900	1.0	2019-02-28 09:28
17861	121.496625	31.249374999999997	1900	1.0	2019-02-28 09:28
17861	121.497625	31.249374999999997	1900	1.0	2019-02-28 09:28
17861	121.497875	31.249374999999997	3800	2.0	2019-02-28 09:28
17861	121.49812499999999	31.249374999999997	1900	1.0	2019-02-28 09:28
17861	121.498375	31.249374999999997	1900	1.0	2019-02-28 09:28
17861	121.49862499999999	31.249374999999997	3800	2.0	2019-02-28 09:28
17861	121.499625	31.249374999999997	1900	1.0	2019-02-28 09:28
17861	121.501375	31.249374999999997	1900	1.0	2019-02-28 09:28
17861	121.50162499999999	31.249374999999997	1900	1.0	2019-02-28 09:28
17861	121.502375	31.249374999999997	1900	1.0	2019-02-28 09:28
17861	121.502625	31.249374999999997	1900	1.0	2019-02-28 09:28
17861	121.50762499999999	31.249374999999997	1900	1.0	2019-02-28 09:28
17861	121.493625	31.249624999999998	1900	1.0	2019-02-28 09:28
17861	121.494625	31.249624999999998	1900	1.0	2019-02-28 09:28
17861	121.49687499999999	31.249624999999998	1900	1.0	2019-02-28 09:28
17861	121.497875	31.249624999999998	3800	2.0	2019-02-28 09:28
17861	121.49812499999999	31.249624999999998	3800	2.0	2019-02-28 09:28
17861	121.498375	31.249624999999998	1900	1.0	2019-02-28 09:28
17861	121.50037499999999	31.249624999999998	3800	2.0	2019-02-28 09:28
17861	121.501375	31.249624999999998	1900	1.0	2019-02-28 09:28
17861	121.50162499999999	31.249624999999998	1900	1.0	2019-02-28 09:28
17861	121.501875	31.249624999999998	3800	2.0	2019-02-28 09:28
17861	121.50762499999999	31.249624999999998	1900	1.0	2019-02-28 09:28
17861	121.495875	31.249875	1900	1.0	2019-02-28 09:28
17861	121.497625	31.249875	1900	1.0	2019-02-28 09:28
17861	121.497875	31.249875	1900	1.0	2019-02-28 09:28
17861	121.498375	31.249875	1900	1.0	2019-02-28 09:28
17861	121.501875	31.249875	1900	1.0	2019-02-28 09:28
17861	121.502375	31.249875	1900	1.0	2019-02-28 09:28
17861	121.504375	31.249875	1900	1.0	2019-02-28 09:28
17861	121.506875	31.249875	1900	1.0	2019-02-28 09:28
17861	121.51112499999999	31.249875	3800	2.0	2019-02-28 09:28
17861	121.512125	31.249875	1900	1.0	2019-02-28 09:28
17861	121.492875	31.250124999999997	1900	1.0	2019-02-28 09:28
17861	121.497875	31.250124999999997	1900	1.0	2019-02-28 09:28
17861	121.50162499999999	31.250124999999997	3800	2.0	2019-02-28 09:28
17861	121.501875	31.250124999999997	1900	1.0	2019-02-28 09:28
17861	121.50212499999999	31.250124999999997	1900	1.0	2019-02-28 09:28
17861	121.502625	31.250124999999997	1900	1.0	2019-02-28 09:28
17861	121.50287499999999	31.250124999999997	1900	1.0	2019-02-28 09:28
17861	121.503625	31.250124999999997	1900	1.0	2019-02-28 09:28
17861	121.503875	31.250124999999997	1900	1.0	2019-02-28 09:28
17861	121.50412499999999	31.250124999999997	1900	1.0	2019-02-28 09:28
17861	121.50512499999999	31.250124999999997	1900	1.0	2019-02-28 09:28
17861	121.505375	31.250124999999997	3800	2.0	2019-02-28 09:28
17861	121.505625	31.250124999999997	1900	1.0	2019-02-28 09:28
17861	121.50587499999999	31.250124999999997	1900	1.0	2019-02-28 09:28
17861	121.50637499999999	31.250124999999997	1900	1.0	2019-02-28 09:28
17861	121.510875	31.250124999999997	1900	1.0	2019-02-28 09:28
17861	121.51112499999999	31.250124999999997	1900	1.0	2019-02-28 09:28
17861	121.511625	31.250124999999997	1900	1.0	2019-02-28 09:28
17861	121.497625	31.250375	1900	1.0	2019-02-28 09:28
17861	121.49812499999999	31.250375	3800	2.0	2019-02-28 09:28
17861	121.498375	31.250375	3800	2.0	2019-02-28 09:28
17861	121.50112499999999	31.250375	1900	1.0	2019-02-28 09:28
17861	121.501875	31.250375	1900	1.0	2019-02-28 09:28
17861	121.503125	31.250375	1900	1.0	2019-02-28 09:28
17861	121.504875	31.250375	1900	1.0	2019-02-28 09:28
17861	121.50512499999999	31.250375	5700	3.0	2019-02-28 09:28
17861	121.505375	31.250375	3800	2.0	2019-02-28 09:28
17861	121.505625	31.250375	1900	1.0	2019-02-28 09:28
17861	121.50587499999999	31.250375	1900	1.0	2019-02-28 09:28
17861	121.507375	31.250375	1900	1.0	2019-02-28 09:28
17861	121.50937499999999	31.250375	1900	1.0	2019-02-28 09:28
17861	121.510875	31.250375	3800	2.0	2019-02-28 09:28
17861	121.51112499999999	31.250375	3800	2.0	2019-02-28 09:28
17861	121.511375	31.250375	1900	1.0	2019-02-28 09:28
17861	121.51312499999999	31.250375	1900	1.0	2019-02-28 09:28
17861	121.513375	31.250375	1900	1.0	2019-02-28 09:28
17861	121.51362499999999	31.250375	1900	1.0	2019-02-28 09:28
17861	121.513875	31.250375	1900	1.0	2019-02-28 09:28
17861	121.51412499999999	31.250375	1900	1.0	2019-02-28 09:28
17861	121.514375	31.250375	1900	1.0	2019-02-28 09:28
17861	121.514625	31.250375	1900	1.0	2019-02-28 09:28
17861	121.51487499999999	31.250375	1900	1.0	2019-02-28 09:28
17861	121.493375	31.250625	1900	1.0	2019-02-28 09:28
17861	121.49387499999999	31.250625	1900	1.0	2019-02-28 09:28
17861	121.495875	31.250625	1900	1.0	2019-02-28 09:28
17861	121.49812499999999	31.250625	1900	1.0	2019-02-28 09:28
17861	121.498375	31.250625	3800	2.0	2019-02-28 09:28
17861	121.49862499999999	31.250625	5700	3.0	2019-02-28 09:28
17861	121.502375	31.250625	5700	3.0	2019-02-28 09:28
17861	121.503875	31.250625	1900	1.0	2019-02-28 09:28
17861	121.50512499999999	31.250625	1900	1.0	2019-02-28 09:28
17861	121.505375	31.250625	1900	1.0	2019-02-28 09:28
17861	121.50587499999999	31.250625	1900	1.0	2019-02-28 09:28
17861	121.506125	31.250625	1900	1.0	2019-02-28 09:28
17861	121.506625	31.250625	1900	1.0	2019-02-28 09:28
17861	121.507375	31.250625	1900	1.0	2019-02-28 09:28
17861	121.50762499999999	31.250625	1900	1.0	2019-02-28 09:28
17861	121.507875	31.250625	1900	1.0	2019-02-28 09:28
17861	121.508625	31.250625	1900	1.0	2019-02-28 09:28
17861	121.50887499999999	31.250625	3800	2.0	2019-02-28 09:28
17861	121.50937499999999	31.250625	1900	1.0	2019-02-28 09:28
17861	121.510875	31.250625	3800	2.0	2019-02-28 09:28
17861	121.51112499999999	31.250625	7600	4.0	2019-02-28 09:28
17861	121.513375	31.250625	1900	1.0	2019-02-28 09:28
17861	121.51362499999999	31.250625	1900	1.0	2019-02-28 09:28
17861	121.515125	31.250625	3800	2.0	2019-02-28 09:28
17861	121.51537499999999	31.250625	5700	3.0	2019-02-28 09:28
17861	121.515625	31.250625	3800	2.0	2019-02-28 09:28
17861	121.515875	31.250625	1900	1.0	2019-02-28 09:28
17861	121.49387499999999	31.250874999999997	1900	1.0	2019-02-28 09:28
17861	121.494875	31.250874999999997	3800	2.0	2019-02-28 09:28
17861	121.499625	31.250874999999997	1900	1.0	2019-02-28 09:28
17861	121.49987499999999	31.250874999999997	1900	1.0	2019-02-28 09:28
17861	121.50212499999999	31.250874999999997	1900	1.0	2019-02-28 09:28
17861	121.50287499999999	31.250874999999997	1900	1.0	2019-02-28 09:28
17861	121.503125	31.250874999999997	1900	1.0	2019-02-28 09:28
17861	121.50337499999999	31.250874999999997	1900	1.0	2019-02-28 09:28
17861	121.503625	31.250874999999997	1900	1.0	2019-02-28 09:28
17861	121.503875	31.250874999999997	5700	3.0	2019-02-28 09:28
17861	121.50412499999999	31.250874999999997	1900	1.0	2019-02-28 09:28
17861	121.504875	31.250874999999997	3800	2.0	2019-02-28 09:28
17861	121.50512499999999	31.250874999999997	3800	2.0	2019-02-28 09:28
17861	121.505375	31.250874999999997	1900	1.0	2019-02-28 09:28
17861	121.505625	31.250874999999997	1900	1.0	2019-02-28 09:28
17861	121.508375	31.250874999999997	1900	1.0	2019-02-28 09:28
17861	121.508625	31.250874999999997	1900	1.0	2019-02-28 09:28
17861	121.509125	31.250874999999997	1900	1.0	2019-02-28 09:28
17861	121.509625	31.250874999999997	1900	1.0	2019-02-28 09:28
17861	121.51012499999999	31.250874999999997	1900	1.0	2019-02-28 09:28
17861	121.51062499999999	31.250874999999997	1900	1.0	2019-02-28 09:28
17861	121.510875	31.250874999999997	3800	2.0	2019-02-28 09:28
17861	121.511375	31.250874999999997	1900	1.0	2019-02-28 09:28
17861	121.512625	31.250874999999997	1900	1.0	2019-02-28 09:28
17861	121.51312499999999	31.250874999999997	1900	1.0	2019-02-28 09:28
17861	121.513375	31.250874999999997	1900	1.0	2019-02-28 09:28
17861	121.514625	31.250874999999997	1900	1.0	2019-02-28 09:28
17861	121.51487499999999	31.250874999999997	1900	1.0	2019-02-28 09:28
17861	121.515125	31.250874999999997	1900	1.0	2019-02-28 09:28
17861	121.51537499999999	31.250874999999997	11400	6.0	2019-02-28 09:28
17861	121.515625	31.250874999999997	7600	4.0	2019-02-28 09:28
17861	121.515875	31.250874999999997	3800	2.0	2019-02-28 09:28
17861	121.495375	31.251125	1900	1.0	2019-02-28 09:28
17861	121.50037499999999	31.251125	3800	2.0	2019-02-28 09:28
17861	121.500625	31.251125	1900	1.0	2019-02-28 09:28
17861	121.50162499999999	31.251125	1900	1.0	2019-02-28 09:28
17861	121.502375	31.251125	1900	1.0	2019-02-28 09:28
17861	121.50337499999999	31.251125	1900	1.0	2019-02-28 09:28
17861	121.503625	31.251125	1900	1.0	2019-02-28 09:28
17861	121.503875	31.251125	1900	1.0	2019-02-28 09:28
17861	121.504875	31.251125	3800	2.0	2019-02-28 09:28
17861	121.50512499999999	31.251125	1900	1.0	2019-02-28 09:28
17861	121.505375	31.251125	1900	1.0	2019-02-28 09:28
17861	121.505625	31.251125	1900	1.0	2019-02-28 09:28
17861	121.50587499999999	31.251125	1900	1.0	2019-02-28 09:28
17861	121.506125	31.251125	1900	1.0	2019-02-28 09:28
17861	121.507375	31.251125	1900	1.0	2019-02-28 09:28
17861	121.50762499999999	31.251125	1900	1.0	2019-02-28 09:28
17861	121.507875	31.251125	1900	1.0	2019-02-28 09:28
17861	121.509625	31.251125	3800	2.0	2019-02-28 09:28
17861	121.509875	31.251125	1900	1.0	2019-02-28 09:28
17861	121.51012499999999	31.251125	1900	1.0	2019-02-28 09:28
17861	121.510375	31.251125	1900	1.0	2019-02-28 09:28
17861	121.510875	31.251125	1900	1.0	2019-02-28 09:28
17861	121.514625	31.251125	1900	1.0	2019-02-28 09:28
17861	121.51537499999999	31.251125	1900	1.0	2019-02-28 09:28
17861	121.515625	31.251125	3800	2.0	2019-02-28 09:28
17861	121.515875	31.251125	1900	1.0	2019-02-28 09:28
17861	121.496625	31.251375	1900	1.0	2019-02-28 09:28
17861	121.499375	31.251375	1900	1.0	2019-02-28 09:28
17861	121.500875	31.251375	1900	1.0	2019-02-28 09:28
17861	121.50112499999999	31.251375	3800	2.0	2019-02-28 09:28
17861	121.503625	31.251375	1900	1.0	2019-02-28 09:28
17861	121.503875	31.251375	1900	1.0	2019-02-28 09:28
17861	121.50412499999999	31.251375	1900	1.0	2019-02-28 09:28
17861	121.504375	31.251375	3800	2.0	2019-02-28 09:28
17861	121.50462499999999	31.251375	1900	1.0	2019-02-28 09:28
17861	121.504875	31.251375	1900	1.0	2019-02-28 09:28
17861	121.50512499999999	31.251375	1900	1.0	2019-02-28 09:28
17861	121.505625	31.251375	1900	1.0	2019-02-28 09:28
17861	121.506625	31.251375	1900	1.0	2019-02-28 09:28
17861	121.507875	31.251375	1900	1.0	2019-02-28 09:28
17861	121.50812499999999	31.251375	1900	1.0	2019-02-28 09:28
17861	121.51012499999999	31.251375	1900	1.0	2019-02-28 09:28
17861	121.51237499999999	31.251375	1900	1.0	2019-02-28 09:28
17861	121.51412499999999	31.251375	1900	1.0	2019-02-28 09:28
17861	121.51537499999999	31.251375	1900	1.0	2019-02-28 09:28
17861	121.515625	31.251375	3800	2.0	2019-02-28 09:28
17861	121.515875	31.251375	1900	1.0	2019-02-28 09:28
17861	121.49987499999999	31.251624999999997	1900	1.0	2019-02-28 09:28
17861	121.500625	31.251624999999997	3800	2.0	2019-02-28 09:28
17861	121.500875	31.251624999999997	1900	1.0	2019-02-28 09:28
17861	121.501375	31.251624999999997	1900	1.0	2019-02-28 09:28
17861	121.50162499999999	31.251624999999997	3800	2.0	2019-02-28 09:28
17861	121.50212499999999	31.251624999999997	1900	1.0	2019-02-28 09:28
17861	121.502375	31.251624999999997	1900	1.0	2019-02-28 09:28
17861	121.503625	31.251624999999997	7600	4.0	2019-02-28 09:28
17861	121.504375	31.251624999999997	1900	1.0	2019-02-28 09:28
17861	121.50637499999999	31.251624999999997	1900	1.0	2019-02-28 09:28
17861	121.507375	31.251624999999997	1900	1.0	2019-02-28 09:28
17861	121.50762499999999	31.251624999999997	3800	2.0	2019-02-28 09:28
17861	121.507875	31.251624999999997	1900	1.0	2019-02-28 09:28
17861	121.50812499999999	31.251624999999997	5700	3.0	2019-02-28 09:28
17861	121.51012499999999	31.251624999999997	1900	1.0	2019-02-28 09:28
17861	121.510875	31.251624999999997	3800	2.0	2019-02-28 09:28
17861	121.513875	31.251624999999997	1900	1.0	2019-02-28 09:28
17861	121.514375	31.251624999999997	1900	1.0	2019-02-28 09:28
17861	121.499375	31.251875	1900	1.0	2019-02-28 09:28
17861	121.501375	31.251875	3800	2.0	2019-02-28 09:28
17861	121.50637499999999	31.251875	1900	1.0	2019-02-28 09:28
17861	121.507375	31.251875	3800	2.0	2019-02-28 09:28
17861	121.50762499999999	31.251875	5700	3.0	2019-02-28 09:28
17861	121.507875	31.251875	3800	2.0	2019-02-28 09:28
17861	121.509625	31.251875	1900	1.0	2019-02-28 09:28
17861	121.513875	31.251875	1900	1.0	2019-02-28 09:28
17861	121.50112499999999	31.252125	1900	1.0	2019-02-28 09:28
17861	121.50162499999999	31.252125	1900	1.0	2019-02-28 09:28
17861	121.507375	31.252125	1900	1.0	2019-02-28 09:28
17861	121.507875	31.252125	1900	1.0	2019-02-28 09:28
17861	121.508625	31.252125	3800	2.0	2019-02-28 09:28
17861	121.50887499999999	31.252125	1900	1.0	2019-02-28 09:28
17861	121.509125	31.252125	1900	1.0	2019-02-28 09:28
17861	121.509625	31.252125	1900	1.0	2019-02-28 09:28
17861	121.512125	31.252125	1900	1.0	2019-02-28 09:28
17861	121.515875	31.252125	1900	1.0	2019-02-28 09:28
17861	121.499375	31.252374999999997	1900	1.0	2019-02-28 09:28
17861	121.50037499999999	31.252374999999997	1900	1.0	2019-02-28 09:28
17861	121.500625	31.252374999999997	1900	1.0	2019-02-28 09:28
17861	121.500875	31.252374999999997	1900	1.0	2019-02-28 09:28
17861	121.50112499999999	31.252374999999997	1900	1.0	2019-02-28 09:28
17861	121.50162499999999	31.252374999999997	3800	2.0	2019-02-28 09:28
17861	121.502625	31.252374999999997	1900	1.0	2019-02-28 09:28
17861	121.50412499999999	31.252374999999997	1900	1.0	2019-02-28 09:28
17861	121.50462499999999	31.252374999999997	1900	1.0	2019-02-28 09:28
17861	121.50512499999999	31.252374999999997	1900	1.0	2019-02-28 09:28
17861	121.506125	31.252374999999997	1900	1.0	2019-02-28 09:28
17861	121.507875	31.252374999999997	1900	1.0	2019-02-28 09:28
17861	121.50937499999999	31.252374999999997	1900	1.0	2019-02-28 09:28
17861	121.509625	31.252374999999997	5700	3.0	2019-02-28 09:28
17861	121.509875	31.252374999999997	3800	2.0	2019-02-28 09:28
17861	121.510375	31.252374999999997	1900	1.0	2019-02-28 09:28
17861	121.51062499999999	31.252374999999997	3800	2.0	2019-02-28 09:28
17861	121.51412499999999	31.252374999999997	1900	1.0	2019-02-28 09:28
17861	121.514375	31.252374999999997	1900	1.0	2019-02-28 09:28
17861	121.515625	31.252374999999997	1900	1.0	2019-02-28 09:28
17861	121.515875	31.252374999999997	1900	1.0	2019-02-28 09:28
17861	121.499375	31.252625	1900	1.0	2019-02-28 09:28
17861	121.49987499999999	31.252625	1900	1.0	2019-02-28 09:28
17861	121.500125	31.252625	1900	1.0	2019-02-28 09:28
17861	121.50037499999999	31.252625	1900	1.0	2019-02-28 09:28
17861	121.500625	31.252625	1900	1.0	2019-02-28 09:28
17861	121.50162499999999	31.252625	1900	1.0	2019-02-28 09:28
17861	121.501875	31.252625	1900	1.0	2019-02-28 09:28
17861	121.50212499999999	31.252625	1900	1.0	2019-02-28 09:28
17861	121.503875	31.252625	1900	1.0	2019-02-28 09:28
17861	121.509875	31.252625	7600	4.0	2019-02-28 09:28
17861	121.511625	31.252625	1900	1.0	2019-02-28 09:28
17861	121.51187499999999	31.252625	1900	1.0	2019-02-28 09:28
17861	121.514625	31.252625	1900	1.0	2019-02-28 09:28
17861	121.500625	31.252875	1900	1.0	2019-02-28 09:28
17861	121.501875	31.252875	1900	1.0	2019-02-28 09:28
17861	121.50212499999999	31.252875	1900	1.0	2019-02-28 09:28
17861	121.503125	31.252875	1900	1.0	2019-02-28 09:28
17861	121.504375	31.252875	1900	1.0	2019-02-28 09:28
17861	121.50512499999999	31.252875	1900	1.0	2019-02-28 09:28
17861	121.50587499999999	31.252875	1900	1.0	2019-02-28 09:28
17861	121.508375	31.252875	1900	1.0	2019-02-28 09:28
17861	121.509125	31.252875	1900	1.0	2019-02-28 09:28
17861	121.509625	31.252875	1900	1.0	2019-02-28 09:28
17861	121.509875	31.252875	3800	2.0	2019-02-28 09:28
17861	121.51012499999999	31.252875	3800	2.0	2019-02-28 09:28
17861	121.51062499999999	31.252875	1900	1.0	2019-02-28 09:28
17861	121.510875	31.252875	1900	1.0	2019-02-28 09:28
17861	121.511375	31.252875	1900	1.0	2019-02-28 09:28
17861	121.51237499999999	31.252875	1900	1.0	2019-02-28 09:28
17861	121.51312499999999	31.252875	3800	2.0	2019-02-28 09:28
17861	121.514375	31.252875	3800	2.0	2019-02-28 09:28
17861	121.515125	31.252875	1900	1.0	2019-02-28 09:28
17861	121.505375	31.253124999999997	1900	1.0	2019-02-28 09:28
17861	121.506125	31.253124999999997	3800	2.0	2019-02-28 09:28
17861	121.507875	31.253124999999997	1900	1.0	2019-02-28 09:28
17861	121.50887499999999	31.253124999999997	1900	1.0	2019-02-28 09:28
17861	121.509125	31.253124999999997	1900	1.0	2019-02-28 09:28
17861	121.51012499999999	31.253124999999997	1900	1.0	2019-02-28 09:28
17861	121.510375	31.253124999999997	3800	2.0	2019-02-28 09:28
17861	121.510875	31.253124999999997	1900	1.0	2019-02-28 09:28
17861	121.51237499999999	31.253124999999997	3800	2.0	2019-02-28 09:28
17861	121.513875	31.253124999999997	1900	1.0	2019-02-28 09:28
17861	121.51487499999999	31.253124999999997	1900	1.0	2019-02-28 09:28
17861	121.515625	31.253124999999997	1900	1.0	2019-02-28 09:28
17861	121.503625	31.253375	1900	1.0	2019-02-28 09:28
17861	121.50512499999999	31.253375	1900	1.0	2019-02-28 09:28
17861	121.505375	31.253375	1900	1.0	2019-02-28 09:28
17861	121.506125	31.253375	3800	2.0	2019-02-28 09:28
17861	121.508625	31.253375	3800	2.0	2019-02-28 09:28
17861	121.509875	31.253375	1900	1.0	2019-02-28 09:28
17861	121.510375	31.253375	3800	2.0	2019-02-28 09:28
17861	121.51062499999999	31.253375	3800	2.0	2019-02-28 09:28
17861	121.511625	31.253375	3800	2.0	2019-02-28 09:28
17861	121.51237499999999	31.253375	1900	1.0	2019-02-28 09:28
17861	121.502375	31.253625	1900	1.0	2019-02-28 09:28
17861	121.50337499999999	31.253625	1900	1.0	2019-02-28 09:28
17861	121.50587499999999	31.253625	1900	1.0	2019-02-28 09:28
17861	121.506125	31.253625	3800	2.0	2019-02-28 09:28
17861	121.506875	31.253625	1900	1.0	2019-02-28 09:28
17861	121.50812499999999	31.253625	1900	1.0	2019-02-28 09:28
17861	121.508375	31.253625	1900	1.0	2019-02-28 09:28
17861	121.508625	31.253625	7600	4.0	2019-02-28 09:28
17861	121.51012499999999	31.253625	1900	1.0	2019-02-28 09:28
17861	121.51112499999999	31.253625	1900	1.0	2019-02-28 09:28
17861	121.51537499999999	31.253625	1900	1.0	2019-02-28 09:28
17861	121.503875	31.253874999999997	1900	1.0	2019-02-28 09:28
17861	121.505625	31.253874999999997	1900	1.0	2019-02-28 09:28
17861	121.506875	31.253874999999997	1900	1.0	2019-02-28 09:28
17861	121.50712499999999	31.253874999999997	1900	1.0	2019-02-28 09:28
17861	121.50762499999999	31.253874999999997	1900	1.0	2019-02-28 09:28
17861	121.50887499999999	31.253874999999997	3800	2.0	2019-02-28 09:28
17861	121.509875	31.253874999999997	1900	1.0	2019-02-28 09:28
17861	121.510375	31.253874999999997	1900	1.0	2019-02-28 09:28
17861	121.512875	31.253874999999997	1900	1.0	2019-02-28 09:28
17861	121.507375	31.254125	1900	1.0	2019-02-28 09:28
17861	121.509625	31.254125	1900	1.0	2019-02-28 09:28
17861	121.511375	31.254125	1900	1.0	2019-02-28 09:28
17861	121.51312499999999	31.254125	1900	1.0	2019-02-28 09:28
17861	121.508625	31.254375	1900	1.0	2019-02-28 09:28
17861	121.51012499999999	31.254375	1900	1.0	2019-02-28 09:28
17861	121.511375	31.254375	1900	1.0	2019-02-28 09:28
17861	121.51237499999999	31.254375	3800	2.0	2019-02-28 09:28
17861	121.512875	31.254375	3800	2.0	2019-02-28 09:28
17861	121.51362499999999	31.254375	3800	2.0	2019-02-28 09:28
17861	121.505375	31.254624999999997	1900	1.0	2019-02-28 09:28
17861	121.50637499999999	31.254624999999997	1900	1.0	2019-02-28 09:28
17861	121.50762499999999	31.254624999999997	1900	1.0	2019-02-28 09:28
17861	121.50887499999999	31.254624999999997	1900	1.0	2019-02-28 09:28
17861	121.509125	31.254624999999997	1900	1.0	2019-02-28 09:28
17861	121.50937499999999	31.254624999999997	1900	1.0	2019-02-28 09:28
17861	121.509625	31.254624999999997	1900	1.0	2019-02-28 09:28
17861	121.511625	31.254624999999997	1900	1.0	2019-02-28 09:28
17861	121.512125	31.254624999999997	1900	1.0	2019-02-28 09:28
17861	121.51312499999999	31.254624999999997	1900	1.0	2019-02-28 09:28
17861	121.51362499999999	31.254624999999997	1900	1.0	2019-02-28 09:28
17861	121.514625	31.254624999999997	1900	1.0	2019-02-28 09:28
17861	121.51487499999999	31.254624999999997	1900	1.0	2019-02-28 09:28
17861	121.507375	31.254875	1900	1.0	2019-02-28 09:28
17861	121.509125	31.254875	1900	1.0	2019-02-28 09:28
17861	121.509625	31.254875	3800	2.0	2019-02-28 09:28
17861	121.509875	31.254875	1900	1.0	2019-02-28 09:28
17861	121.51112499999999	31.254875	1900	1.0	2019-02-28 09:28
17861	121.513375	31.254875	1900	1.0	2019-02-28 09:28
17861	121.513875	31.254875	1900	1.0	2019-02-28 09:28
17861	121.51537499999999	31.254875	1900	1.0	2019-02-28 09:28
17861	121.50762499999999	31.255125	1900	1.0	2019-02-28 09:28
17861	121.51012499999999	31.255125	1900	1.0	2019-02-28 09:28
17861	121.51062499999999	31.255125	1900	1.0	2019-02-28 09:28
17861	121.510875	31.255125	1900	1.0	2019-02-28 09:28
17861	121.512875	31.255125	1900	1.0	2019-02-28 09:28
17861	121.51312499999999	31.255125	1900	1.0	2019-02-28 09:28
17861	121.513375	31.255125	1900	1.0	2019-02-28 09:28
17861	121.513875	31.255125	1900	1.0	2019-02-28 09:28
17861	121.514375	31.255125	3800	2.0	2019-02-28 09:28
17861	121.51487499999999	31.255125	3800	2.0	2019-02-28 09:28
17861	121.508625	31.255374999999997	1900	1.0	2019-02-28 09:28
17861	121.512625	31.255374999999997	1900	1.0	2019-02-28 09:28
17861	121.512875	31.255374999999997	1900	1.0	2019-02-28 09:28
17861	121.51412499999999	31.255374999999997	1900	1.0	2019-02-28 09:28
17861	121.51062499999999	31.255625	1900	1.0	2019-02-28 09:28
17861	121.512125	31.255625	1900	1.0	2019-02-28 09:28
17861	121.512625	31.255625	1900	1.0	2019-02-28 09:28
17861	121.512875	31.255625	1900	1.0	2019-02-28 09:28
17861	121.514625	31.255625	5700	3.0	2019-02-28 09:28
17861	121.51487499999999	31.255625	1900	1.0	2019-02-28 09:28
17861	121.50937499999999	31.255875	1900	1.0	2019-02-28 09:28
17861	121.512125	31.255875	1900	1.0	2019-02-28 09:28
17861	121.514375	31.255875	3800	2.0	2019-02-28 09:28
17861	121.510875	31.256124999999997	1900	1.0	2019-02-28 09:28
17861	121.51112499999999	31.256124999999997	1900	1.0	2019-02-28 09:28
17861	121.51362499999999	31.256124999999997	1900	1.0	2019-02-28 09:28
17861	121.510875	31.256375	1900	1.0	2019-02-28 09:28
17861	121.51112499999999	31.256375	3800	2.0	2019-02-28 09:28
17861	121.511375	31.256375	1900	1.0	2019-02-28 09:28
17861	121.513875	31.256375	1900	1.0	2019-02-28 09:28
17861	121.510875	31.256625	1900	1.0	2019-02-28 09:28
17861	121.51112499999999	31.256625	1900	1.0	2019-02-28 09:28
17861	121.511375	31.256625	3800	2.0	2019-02-28 09:28
17861	121.511625	31.256625	5700	3.0	2019-02-28 09:28
17861	121.51187499999999	31.256625	1900	1.0	2019-02-28 09:28
17861	121.512125	31.256625	1900	1.0	2019-02-28 09:28
17861	121.511375	31.256874999999997	3800	2.0	2019-02-28 09:28
17861	121.51187499999999	31.256874999999997	5700	3.0	2019-02-28 09:28
17861	121.51062499999999	31.257125	1900	1.0	2019-02-28 09:28
17861	121.51112499999999	31.257125	1900	1.0	2019-02-28 09:28
17861	121.512125	31.257125	1900	1.0	2019-02-28 09:28
17861	121.512875	31.257125	1900	1.0	2019-02-28 09:28
17861	121.512875	31.257375	7600	4.0	2019-02-28 09:28
17861	121.51012499999999	31.257624999999997	1900	1.0	2019-02-28 09:28
17861	121.51062499999999	31.257624999999997	1900	1.0	2019-02-28 09:28
17861	121.512875	31.257624999999997	3800	2.0	2019-02-28 09:28